Jana Gana Mana, 0.25, 0.5, 0.75, 1, 1.25, 1.5, 1.75, 2, 2.25, 2.75, 3, 3.25, 3.5, 3.75, 4.25, 4.75, 5, 5.25, 5.75, 6, 6.25, 6.75
Ekla Cholo Re, 0.67, 1, 1.33, 2, 2.67, 3, 3.33, 4, 5, 6, 7, 7.33, 8, 8.67, 9, 9.33, 10
Sa Re Jahan Se Accha, 1, 1.5, 2, 2.25, 2.75, 3, 3.5, 5, 5.25, 5.5, 6, 6.25, 6.75,  7, 7.75, 8, 8.25, 8.5, 8.75, 9, 9.5, 10, 10.25, 10.75, 11, 11.5
Esho Shymolo Shundoro, 0.75, 1, 1.25, 1.75, 2, 2.5, 3, 3.25, 4, 4.25, 4.5, 4.75, 5.25, 5.5, 5.75, 6, 6.5, 6.75, 7, 7.25, 7.5, 8, 8.25, 8.75, 9.25, 9.75, 10, 10.5, 10.75, 11, 11.25, 11.5, 11.75, 12, 12.5, 12.75, 13.25, 13.75, 14, 14.5, 15, 15.25
Jingle Bells, 0.25, 0.5, 0.75, 1.25, 1.5, 1.75, 2.25, 2.5, 2.75, 3, 3.25, 4.25, 4.5, 4.75, 5.125, 5.25, 5.5, 5.75, 6.25, 6.5, 6.75, 7, 7.5, 8
My Heart Will Go on, 0.25, 0.75, 1, 1.25, 1.5, 1.75, 2.25, 2.5, 2.75, 3.25, 3.5, 4, 4.5, 5, 5.25, 5.5, 5.75, 6, 6.5, 7
Ore Grihobasi, 0.75, 1.25, 1.75, 2, 2.25, 2.75, 3.25, 3.75, 4.25, 4.5, 4.75, 5, 5.25, 5.75, 6, 6.25, 7.25, 7.5, 7.75, 8, 8.25, 8.5, 9, 9.25, 9.75, 10, 10.25, 10.75, 11.25, 11.75, 12.25, 12.75, 13.25, 13.75, 14, 14.25, 14.75
Fur Elise, 0.25, 0.5, 0.75, 1, 1.25, 1.5, 1.75, 2, 2.25, 2.75, 3, 3.25, 3.75, 4.25, 4.5, 4.75, 5, 5.75, 6, 6.25, 6.5, 6.75, 7, 7.25, 7.5, 7.75, 8.25, 8.5, 8.75, 9, 9.5, 9.75, 10, 10.25
Hain Apna Dil, 0.25, 0.5, 0.75, 1.25, 2, 2.25, 2.75, 3.25, 4, 4.25, 4.75, 5.25, 5.5, 6, 6.25, 6.75, 7.25
Jindegi Ek Safar, 0.25, 0.5, 0.75, 1.25, 1.5, 1.75, 2.25, 2.5, 2.75, 3, 4.25, 4.5, 4.75, 5.25, 5.5, 5.75, 6.25, 6.5, 6.75, 7
